9 3 438

1 4 5 7

4 2 3


7 4
1 2 3 4    0
1 2 3 5    1
1 2 3 6    2
1 2 3 7    3
1 2 4 5    4
1 2 4 6    5
1 2 4 7    6
1 2 5 6    7
1 2 5 7    8
1 2 6 7    9
1 3 4 5    10
1 3 4 6    11
1 3 4 7    12
1 3 5 6    13
1 3 5 7    14
1 3 6 7    15
1 4 5 6    16
1 4 5 7    17
1 4 6 7    18
1 5 6 7    19
2 3 4 5    20
2 3 4 6    21
2 3 4 7    22
2 3 5 6    23
2 3 5 7    24
2 3 6 7    25
2 4 5 6    26
2 4 5 7    27
2 4 6 7    28
2 5 6 7    29
3 4 5 6    30
3 4 5 7    31
3 4 6 7    32
3 5 6 7    33
4 5 6 7    34
